Lot cor	Sanq min	Bro ere	Bra pin	Veron teu	Pla med	Cen jac	Sta rec	Astrag gly	Tan cor	Med fal	Leo his	Anth vul	Cen sca	Astrag cic	Sca och	Thy pul	Sal pra	Sal vertc	Agrim eup	Pru gra	L f	Asper tin	Bup fal	Inu hir	Asper cyn	Cx tom	L t	Teu cha	Cam glo	Cor var	Inu sal	Cam Gent	Cirsi pan	Tri mon	Pri ver	Tri med	Hel gra	Cx fla 
0.721	0.05	0.077	0.014	0	0	0.025	0	0	0	0.008	0	1.166	0	0	0	0	0	0	0	0	0	0	0	0	0	0	0.007	0	0	0	0	0	0	0	0	0	0	0
49.26	7.194	6.737	1.967	0.12	0.473	21.151	3.649	0.066	5.595	1.364	8.177	1.918	11.732	0	0.4	0.166	4.323	10.5	0	0	0	0.09	0.009	0.106	0	0	0	0	0.028	0	0.037	0	0	0	0	0	0.013	0
0.31	0.14	0.027	0.012	0	0	0.01	0	0.003	0	0.05	0	0.889	0.015	0	0.006	0	0	0	0	0	0	0	0	0	0	0	0.001	0	0	0	0	0	0	0.025	0	0	0	0
60.4	3.922	5.679	2.135	0.39	0.936	7.273	0.477	0.21	0.143	0.952	3.892	1.962	0.942	0.014	0.043	0.493	0.38	3.93	0.035	0.036	0.01	0	0	0	0	0	0.01	0.06	0	0	0	0	0	0	0	0	0.051	0
1.04	0.122	0.03	0.01	0.015	0	0.03	0	0.01	0	0	0.01	1.549	0.011	0	0	0	0	0	0	0	0	0	0	0	0	0	0	0	0	0	0	0	0	0	0	0	0.014	0
56.31	5.761	4.267	2.338	0.49	0.624	15.561	1.859	0.317	0.903	0.942	3.938	6.4	0	0	0.34	0.316	0.862	4.414	0	0	0.002	0	0	0	0	0	0.002	0	0	0	0.048	0.016	0	0	0	0.222	0	0
0.448	0.188	0.031	0.004	0	0	0	0	0.01	0	0	0	1.157	0	0	0	0	0	0	0	0	0	0	0	0	0	0	0	0	0	0	0	0	0	0	0	0	0	0
69.336	5.648	3.568	2.211	0.028	0.373	6.49	2.094	0.168	0.837	0.818	2.9	2.47	4.305	0.11	0	0.092	1.258	2.525	0	0	0.024	0.02	0.056	0	0.018	0	0	0.176	0	0	0	0	0	0	0	0.222	0	0
0.26	0.117	0.028	0.002	0	0	0	0	0	0	0	0	0.432	0	0	0	0	0	0	0	0	0	0	0	0	0	0	0	0	0	0	0	0	0	0	0	0	0	0
57.14	13.215	1.825	1.543	0.068	0.213	7.691	3.396	0.092	0.474	0.356	4.274	3.029	4.673	0	0	0.084	3.099	5.735	0.076	0	0	0.026	0.209	0.012	0	0	0	0	0	0	0	0	0.043	0	0	0	0	0
0.358	0.122	0.032	0.005	0	0	0.035	0	0	0	0.01	0	0.446	0	0	0.026	0	0	0	0	0	0	0	0	0	0	0	0	0	0	0	0	0	0	0	0	0	0	0
50.9	12.2	4.853	2.81	0.125	0.206	12.256	4.282	1.027	2.549	0.276	7.888	4.1	4.386	0	0.07	0.58	1.91	2.328	0.025	0.044	0.002	0.02	0	0	0	0	0	0.051	0	0	0	0	0	0	0	0	0	0
0.874	0.077	0.01	0.005	0	0	0.005	0	0	0	0	0	0.845	0	0	0	0	0	0	0	0	0	0.002	0	0	0	0	0	0	0	0	0	0	0	0	0	0	0	0
43.457	3.39	4.583	2.018	0.176	0.968	15.338	2.67	0.35	1.073	1.225	7.678	6.895	6.762	0.88	0.242	0.215	3.947	5.2	0.02	0	0	0.042	0	0.012	0	0	0	0.11	0	0	0	0	0	0	0	0	0	0
0.03	0.014	0.014	0	0	0	0	0	0	0	0	0	0.153	0	0	0	0	0	0	0	0	0	0	0	0	0	0	0	0	0	0	0	0	0	0	0	0	0	0
62.926	7.553	2.097	0.892	0.23	0.55	1.09	0.588	0.726	0.152	0.96	2.8	4.088	2.19	0.84	0.135	0.21	1	1.345	0.03	0.202	0.01	0	0	0.011	0.03	0	0	0.039	0.004	0	0	0.004	0.02	0	0	0	0	0
0.336	0.036	0.02	0.003	0	0	0	0	0.01	0	0	0	0.879	0.012	0	0	0	0	0	0	0	0	0.002	0	0	0	0	0	0	0	0	0	0	0	0	0	0.01	0	0
40.26	13.36	5.782	2.61	0.044	0.613	14.317	3.329	0.017	1.015	0.38	8.434	3.001	5.615	0.037	1.252	0.32	2.876	8.852	0	0	0.004	0	0	0	0	0	0	0	0	0	0	0	0	0.123	0	0	0	0
0.572	0.096	0.106	0.019	0	0	0.016	0	0.001	0	0.016	0	1.006	0.005	0	0	0	0	0	0	0	0	0	0	0	0	0	0	0	0	0	0	0	0	0	0	0	0	0
26.089	9.209	4.937	4.791	0.13	0.471	5.267	1.363	0.51	0.599	0.388	2.734	1.52	6.693	0.268	0.192	0.225	1.432	13.52	0.01	0.05	0	0	0.02	0	0	0	0	0.04	0.041	0	0	0	0	0	0	0	0	0
0.185	0.82	0	0	0	0	0	0.008	0	0	0	0	0.188	0	0.005	0	0	0	0	0	0	0	0	0	0	0	0	0	0	0	0	0	0	0	0	0	0	0	0
36.327	6.662	3.361	1.262	0.905	14.211	1.993	12	1.783	6.536	2.785	0.624	6.27	12.26	0	2.153	0.654	1.591	26.175	0	0	0.026	0	0.009	0	0.006	0	0	2.857	0	0	0	0	0	0	0	0.387	0	0
0.44	0.042	0.076	0	0	0	0	0	0	0	0.013	0	0.084	0	0	0	0	0	0	0	0	0	0	0	0	0	0.011	0	0	0	0	0	0	0	0	0	0	0	0
27.545	0	0.318	1.515	1.24	25.07	0	1.81	0	4.09	2.695	0.154	2.136	5.95	0	0.289	0.855	0	1.76	0.084	0	0	0	0.14	0.019	0.01	0	0	1.773	0	0	0	0.043	0	0	0	0	0	0
0.08	0.34	0.005	0	0	0	0	0	0.012	0	0	0	0.445	0	0	0	0	0	0	0	0	0	0	0	0	0	0	0	0	0	0	0	0	0	0	0	0	0	0
0	2.801	1.964	0.672	1.167	23.506	3.251	1.913	0.196	6.278	0	1.791	2.492	3.282	0.13	0.253	0.646	10.105	0	0.032	0	0.019	0	0	0.075	0	0	0	0.901	0.027	0	0	0	0.007	0	0	0	0	0
0.071	0.17	0.02	0	0	0	0	0	0	0	0	0	0.036	0	0	0	0	0	0	0	0	0	0	0	0	0	0	0	0	0	0	0	0	0	0	0	0	0	0
31.575	2.603	0.524	0.077	0.884	16.771	1.152	4.801	0.276	2.665	0	0.207	1.02	4.375	0	1.889	0.198	0.144	0.135	0.034	0	0.002	0	0	0.016	0	0	0	1.051	0	0	0	0	0.19	0.025	0	0	0	0
0.08	0.72	0.002	0	0	0	0	0	0	0	0	0	0.168	0	0	0	0	0	0	0	0	0	0	0	0	0	0	0	0	0	0	0	0	0	0	0	0	0	0
3.307	14.118	1.169	2.092	0.345	15.887	0	3.562	0.288	1.909	0	0.67	2.571	11.34	0	0.172	0.691	0.815	0	0.074	0.079	0	0	0.141	0	0	0	0	0.954	0	0	0	0	0	0	0	0	0.103	0
0.14	0.695	0.024	0	0	0	0	0	0	0	0	0	0.066	0	0	0	0	0	0	0	0	0	0	0	0	0	0	0	0	0	0	0	0	0	0	0	0	0	0
27.358	0	0.679	0.503	0.682	22.033	12.677	14.031	0.166	1.955	0.027	1.06	2.764	0	0	0.777	1.145	7.11	0	0.014	0.077	0.029	0	0.043	0.015	0	0	0	1.653	0	0	0	0	0.584	0	0	0	0	0
0.105	0.772	0.008	0.006	0	0	0	0	0	0	0	0	0.156	0	0	0	0	0	0	0	0	0	0	0	0	0	0	0	0	0	0	0	0	0	0	0	0	0	0
4.85	0	0	0	0.088	23.785	4.64	6.63	0.211	2.286	0	0.13	1.412	1.09	0	0	0.5	0	11.186	0	0	0	0.059	0	0.062	0	0	0.011	0.742	0	0	0	0	0	0	0	0	0.03	0
0.103	0.437	0	0	0	0	0	0.08	0	0	0	0	0.23	0	0	0	0	0	0	0	0	0	0	0	0	0	0	0	0	0	0	0	0	0	0	0	0	0	0
14.923	6.09	1.813	0.509	0.463	15.124	5.665	6.44	0.888	3.048	1.281	0.378	1.111	4.77	0.08	1.056	0.183	4.616	6.416	0.082	0.07	0.02	0.006	0	0.125	0	0	0	0.579	0	0	0	0.017	0	0	0	0	0	0
0.07	0.392	0.01	0.003	0	0	0	0.008	0	0	0	0	0.032	0	0	0	0	0	0	0	0	0	0	0	0	0	0	0	0	0	0	0	0	0	0	0	0	0	0
40.51	27.64	2.025	1.44	1.649	11.593	1.395	4.535	0.24	0.842	3.98	0.22	4.523	0.732	0	0.565	0.625	0.439	0	0	0	0.005	0	0	0	0	0	0.011	1.845	0	0	0.325	0.041	0	0	0	0	0	0
0	0.463	0.011	0	0	0	0	0	0	0	0	0	0.13	0	0	0	0	0	0	0	0	0	0	0	0	0	0	0	0	0	0	0	0	0	0	0	0	0	0
11.859	8.346	0.938	0.181	0.05	9.675	0.359	0.35	0.53	0.352	0	0.475	0.474	1.56	0	0	0	0	3.74	0	0	0	0	0	0	0	0	0	0	0	0	0.06	0	0.963	0	0	0.538	0	0
0.068	0.048	0.068	0.007	0	0	0.007	0	0	0	0	0	0.47	0	0	0	0	0	0	0	0	0.015	0	0	0	0	0	0	0	0	0	0	0	0	0	0	0	0	0
9.308	6.11	4.314	1.538	0.209	11.39	5.395	4.039	0	4.449	8.16	0.656	5.641	9.556	0	1.06	0.525	0	5.878	0	0	0.016	0	0	0	0.01	0	0	0	0	0	0	0.004	0	0	0	0	0	0
0.356	0.044	0.054	0.04	0	0	0.063	0	0	0	0	0	0.556	0	0	0	0	0	0	0	0	0	0.004	0	0	0	0	0	0	0	0	0	0	0	0	0	0	0	0
29.282	15.398	2.914	2.996	0.998	25.08	0	7.733	0.52	2.19	0.508	1.03	2.583	4.56	0.047	0.268	1.102	0.55	2.068	0.017	0.258	0.02	0	0.08	0.04	0.055	0	0	0.716	0	0	0.01	0.014	0.041	0	0	0	0	0
0.302	0.465	0.04	0.007	0	0	0.043	0	0	0	0.006	0	0.3	0	0	0	0	0	0.09	0	0	0	0	0	0	0	0	0.011	0	0	0	0	0	0	0	0	0	0	0
20.354	4.042	1.419	1.914	0.753	7.1	7.09	4.848	0.985	4.252	0.015	1.42	4.206	6.324	0	1.088	0.51	0	7.703	0	0	0.07	0.022	0.045	0.153	0.006	0	0.013	0.161	0	0	0.063	0	0	0	0	0	0	0
0.046	0.026	0.008	0.006	0	0	0	0	0	0	0	0	0.486	0	0	0	0	0	0	0	0	0	0	0	0	0	0	0	0	0	0	0	0	0	0	0	0	0	0
29.115	4.723	0.728	0.709	0.262	0.688	4.555	1.404	0.514	1.46	0.678	0.59	0.975	0.48	0	0.241	0.101	0.74	1.2	0.13	0.035	0	0	0.014	0	0.013	0.333	0	0.17	0	0	0	0	0.036	0	0	0	0.048	0
0.09	0.006	0.02	0.004	0	0	0	0	0	0	0	0	0.573	0	0	0	0	0	0	0	0	0	0.006	0	0	0	0	0	0	0	0	0	0	0	0	0	0	0	0
33.752	4.855	1.145	1.176	0.849	12.025	13.021	9.594	0.376	3.598	0.019	0.858	2.467	0	0	0.3	0.42	4.68	9.253	0.05	0	0.02	0	0.093	0.02	0.045	0	0	0.116	0	0	0	0	0	0.01	0	0.016	0.031	0
0.203	0.29	0.008	0.004	0	0	0	0	0	0	0.013	0	0.209	0	0	0	0	0	0	0	0	0	0.01	0	0	0	0	0	0	0	0	0	0	0	0	0	0	0	0
29.307	4.44	3.093	2.612	0.35	4.173	6.253	11.427	0.318	3.964	0	0	1.787	7.597	0.37	0.045	0.248	4.827	1.083	0	0	0	0	0	0	0	0	0	0.275	0	0	0	0	0	0	0	0	0.201	0
0.331	0.525	0.02	0.004	0	0	0.09	0.008	0	0	0	0	1.047	0	0	0	0	0	0	0	0	0	0	0	0	0	0	0	0	0	0	0	0	0	0	0	0	0	0
31.02	0.68	1.515	1.407	0.46	0.382	4.728	3.706	0.567	1.367	3.52	1.68	5.674	2.213	0	0.585	0.29	2.537	3.264	0.042	0	0.026	0	0	0.044	0.026	0	0.002	0.133	0	0	0.184	0.006	0	0	0	0	0.048	0
0.287	0.568	0.038	0.002	0	0	0	0	0	0	0	0	0.484	0	0	0	0	0	0	0	0	0	0.004	0	0	0	0	0	0	0	0	0	0	0	0	0	0	0	0
55.542	2.985	0.85	2.172	1.532	4.738	0	7.565	1.632	3.991	0.791	1.71	2.25	15.978	0.457	0.783	0.699	4.21	14.881	0.1	0	0.011	0	0	0	0.02	0	0.017	0.985	0	0	0.26	0.008	0	0	0	0	0.026	0
0.186	0.283	0.045	0.012	0	0	0.02	0.016	0	0	0	0	0.584	0	0	0	0	0	0	0	0	0	0	0	0	0	0	0	0	0	0	0	0	0	0	0	0	0	0
38.71	13.046	4.508	2.473	1.059	4.5	22.337	6.843	0.163	6.484	0.39	1.885	4.38	13.174	0.071	2.842	0.305	6.69	0	0.07	0.011	0.006	0	0.011	0.253	0	0	0.015	0.34	0.009	0	0	0	0	0	0	0.068	0.049	0
0.209	0.62	0.028	0.02	0	0	0.045	0.014	0	0	0	0.015	1.352	0.023	0	0	0	0	0	0	0	0	0	0	0	0	0	0.02	0	0	0	0	0	0	0	0	0	0	0
17.305	14.152	2.858	1.445	0.364	18.832	14.164	6.656	0.445	2.882	0.472	1.225	3.096	8.275	0.87	0.38	0.484	7.595	19.005	0	0	0	0	0	0	0	0	0	0.711	0	0	0.062	0.015	0	0	0	0	0	0
