	nadmv	orient	expoz	E3	E2	E1	E0	pocetdr	paseka	geologie	humus	strom	stari
310323	350	-1	10	0	0	50	2	28	1	1	mor	buk	4
310324	325	-1	10	0	0	40	10	47	1	1	mor	smrk	2
310325	435	-1	7	0	0	65	10	22	1	2	mor	buk	3
310326	525	-1	15	0	0	40	0	18	1	2	mull	buk	
310335	500	1	25	0	0	40	0	17	1	4	mull	buk	5
310340	500	0	0	0	0	70	10	24	1	2	mor	smrk	2
310342	525	-1	7	0	0	95	10	20	1	2	mor	smrk	3
310420	310	0	0	0	70	80	40	50	1	2	mull	olsejasan	5
310421	325	0	0	0	0	65	5	55	1	2	mor	smrk	2
310437	410	-1	15	0	80	80	30	36	1	2	moder	smrk	10
310439	425	-1	35	0	0	80	30	41	1	1	mull	buk	3
310440	460	0	25	0	0	20	5	7	1	1	mor	buk	1
310468	390	1	5	0	0	60	10	29	1	1	mor	smrk	3
310469	390	0	0	0	0	15	95	14	0	1	mull	olsejasan	2
310471	325	-1	15	0	0	100	40	38	1	1	moder	smrk	8
310473	425	-1	10	0	0	100	90	16	1	1	mor	smrk	9
310474	460	1	25	0	0	50	15	24	1	1	mor	smrk	
310476	410	-1	12	0	80	90	95	36	1	2	moder	smrk	3
310477	370	-1	30	0	0	85	10	28	1	2	mor	buk	4
310480	495	0	20	0	0	100	15	30	1	2	mull	olsejasan	3
310481	550	0	20	0	0	100	25	43	1	2	mull	olsejasan	2
310484	430	0	10	0	0	100	2	29	1	1	mull	olsejasan	7
310489	360	0	18	0	0	15	2	10	1	2	mor	smrk	
310491	550	-1	30	0	0	100	30	33	1	3	mull	buk	2
310493	560	0	35	0	0	80	15	27	1	3	moder	buk	2
310495	460	-1	5	0	15	100	10	21	1	2	moder	smrk	8
310496	400	-1	8	5	50	60	40	35	1	1	mor	smrk	16
310499	410	-1	20	0	10	100	15	25	1	2	moder	smrk	5
310500	495	1	5	0	0	90	20	23	1	2	mor	smrk	3
310503	530	1	20	0	0	10	60	5	0	2	mull	olsejasan	1
310504	535	1	20	0	0	15	90	13	0	2	mull	olsejasan	1
310505	495	-1	10	0	0	15	80	12	0	2	mull	olsejasan	1
310506	430	-1	15	0	0	100	3	8	1	2	moder	olsejasan	3
310507	525	-1	28	0	0	90	20	38	1	2	mull	olsejasan	4
310509	775	1	10	0	0	100	5	9	1	2	mor	buk	6
310510	725	-1	10	0	0	100	30	20	1	3	mull	buk	5
310516	740	1	25	5	60	90	5	19	1	2	mor	smrk	10
310517	680	-1	15	40	10	100	10	23	1	1	moder	smrk	10
310518	625	1	25	0	0	10	40	9	0	2	mull	olsejasan	1
310522	635	-1	15	0	0	100	5	14	1	2	mull	buk	5
310523	590	-1	30	0	0	100	10	18	1	2	mull	buk	6
310525	375	-1	25	0	0	15	100	12	0	2	mull	olsejasan	1
310526	365	-1	25	0	0	90	25	24	1	2	mor	smrk	2
310538	360	-1	20	0	0	98	10	19	1	2	moder	buk	4
310542	360	1	30	0	0	20	20	23	1	2	mor	olsejasan	
310543	490	1	5	0	0	50	0	19	1	2	mor	buk	
310545	440	0	15	0	15	100	1	6	1	2	moder	buk	8
310547	460	0	5	0	0	95	30	52	1	2	mull	olsejasan	3
310548	480	-1	10	0	10	80	30	34	1	2	moder	buk	8
310549	570	-1	15	0	0	60	5	38	1	4	mull	buk	1
310550	570	-1	10	0	0	80	10	31	1	4	mull	buk	1
310551	350	0	10	0	0	90	80	8	0	2	mull	olsejasan	2
310555	350	-1	35	0	0	50	20	43	1	1	mor	buk	2
310556	340	1	35	0	15	80	10	36	1	2	mor	buk	3
310557	450	1	30	0	80	30	10	23	1	1	mor	buk	10
310558	460	1	40	0	10	65	40	22	1	1	mor	buk	8
310559	440	1	25	0	10	95	25	27	1	1	mull	olsejasan	8
310560	440	0	25	0	3	80	10	21	1	1	moder	buk	3
310561	450	1	15	0	0	85	20	44	1	4	mull	buk	1
310562	380	-1	35	0	0	95	20	44	1	1	moder	smrk	4
310563	380	-1	30	0	0	60	15	49	1	4	mull	buk	2
310564	570	-1	10	0	0	90	2	23	1	3	moder	buk	2
310565	630	1	5	0	0	100	7	11	1	2	moder	smrk	8
310566	615	1	20	0	0	60	5	18	1	1	mor	smrk	1
310567	360	-1	15	0	0	90	20	25	1	1	moder	smrk	3
310568	460	-1	25	0	0	70	25	39	1	1	mor	buk	4
310569	600	0	25	0	0	55	5	24	1	1	mor	buk	1
310570	640	-1	35	0	0	80	8	20	1	2	mull	buk	3
310571	790	0	0	0	5	90	15	14	1	2	mor	smrk	20
310572	845	-1	15	0	5	80	30	14	1	1	moder	smrk	11
310573	855	0	30	10	50	95	30	21	1	1	moder	smrk	10
310574	930	0	25	0	0	100	2	10	1	1	mor	buk	11
310575	960	0	25	40	30	100	15	15	1	1	moder	buk	8
310576	920	-1	25	0	60	85	35	8	1	2	mor	smrk	11
310577	960	-1	15	20	10	95	10	14	1	2	mor	smrk	23
310578	845	1	15	0	0	100	15	11	1	1	mor	buk	9
310579	780	1	20	75	30	50	35	5	1	1	mor	buk	21
310580	770	0	25	10	5	100	40	29	1	2	mull	olsejasan	20
310583	500	1	10	0	0	70	5	21	1	1	mor	smrk	1
310585	400	0	0	0	0	95	0	11	1	1	mor	smrk	1
310586	300	1	15	0	5	90	8	44	1	4	mull	buk	2
310587	305	1	30	0	0	20	5	23	1	4	mull	buk	2
310588	300	1	40	0	0	95	15	20	1	1	moder	buk	2
310589	770	0	0	50	30	100	10	13	1	2	mor	smrk	15
310590	780	1	15	0	0	100	5	6	1	1	mor	smrk	5
310591	720	1	10	0	0	100	0	1	1	1	mor	smrk	3
310592	720	1	7	0	0	65	5	20	1	1	moder	smrk	3
310593	720	-1	15	75	15	100	10	9	1	2	moder	smrk	20
310594	500	1	7	0	0	60	7	15	1	1	mor	smrk	1
310595	500	0	15	0	0	85	15	33	1	4	mull	buk	1
310596	395	-1	5	0	5	90	15	31	1	1	moder	smrk	4
310597	825	-1	25	0	20	100	5	14	1	1	mor	smrk	23
311076	490	0	5	0	0	40	3	19	1	1	mor	smrk	
311085	340	0	25	0	0	60	5	68	1	2	mull	olsejasan	
311087	450	1	6	0	0	100	20	19	1	2	moder	smrk	5
311088	460	0	15	0	0	100	20	24	1	2	moder	smrk	5
311089	510	-1	2	0	95	20	5	15	1	2	moder	smrk	15
311090	500	-1	10	0	0	60	5	33	1	2	mull	olsejasan	
311091	360	-1	6	0	0	65	2	27	1	1	mor	smrk	
311092	360	-1	6	0	0	70	5	30	1	1	moder	smrk	
311093	420	1	25	0	60	40	3	24	1	1	mor	smrk	6
311094	450	0	25	70	5	90	10	31	1	1	moder	buk	20
311095	400	1	20	60	10	70	5	45	1	4	mull	buk	20
311096	500	1	7	0	0	40	3	17	1	2	mor	buk	1
311098	360	0	15	0	0	95	10	28	1	4	mull	olsejasan	
311100	460	0	20	0	0	75	5	42	1	4	mull	buk	2
311101	390	-1	15	0	0	75	5	45	1	4	mull	buk	3
311102	420	-1	15	50	5	80	15	21	1	4	mull	buk	20
311110	470	-1	6	0	0	100	70	21	1	2	mor	smrk	6
311111	580	-1	5	0	70	95	40	16	1	2	moder	smrk	20
311112	740	0	5	0	0	100	1	3	1	2	mor	smrk	10
311113	650	0	7	0	90	70	5	17	1	2	moder	smrk	15
311114	550	0	15	0	0	75	5	44	1	3	mull	buk	2
311115	520	0	10	0	0	90	10	33	1	3	mull	olsejasan	2
311116	470	-1	20	0	0	80	5	28	1	1	mor	buk	2
311117	530	0	8	0	0	40	1	33	1	2	mor	buk	2
311142	530	0	8	0	0	10	95	9	0	2	mull	olsejasan	1
311143	340	1	20	0	0	50	5	40	1	2	mull	buk	1
311144	340	1	35	60	5	70	30	46	1	4	mull	buk	30
311146	440	0	5	0	0	100	1	24	1	2	moder	smrk	
311147	490	0	15	0	0	65	5	47	1	3	moder	buk	1
311149	510	-1	5	0	0	20	95	15	0	2	mull	olsejasan	1
311150	350	1	15	0	10	90	30	36	1	2	moder	smrk	5
311151	410	-1	5	0	0	100	1	13	1	2	mor	smrk	6
311153	330	0	0	0	80	70	40	26	1	4	mull	olsejasan	10
311154	500	0	15	0	0	5	90	12	0	2	mull	olsejasan	1
311155	500	0	10	0	0	70	2	24	1	2	mor	buk	3
311156	600	1	20	0	0	20	1	15	1	2	mull	olsejasan	1
311157	430	0	10	0	30	70	5	28	1	1	moder	buk	15
311158	460	0	25	0	60	100	2	15	1	1	mor	buk	15
311159	360	0	5	0	0	30	1	40	1	2	mull	buk	
311160	440	0	25	0	5	65	5	25	1	1	moder	buk	4
311161	525	0	15	0	60	90	5	16	1	2	mor	buk	15
311162	504	1	12	0	0	10	2	19	1	2	mor	smrk	
